#data 1
0.512849  0.887844
0.402821  0.867036
0.344377  0.920879
0.378020  0.996324
0.376769  0.960419
0.160818  0.917558
0.169241  0.938596
0.133139  0.982028
-0.017021  0.987001
0.069617  0.956330
-0.048287  1.008654
0.013030  1.059911
-0.156898  0.977964
-0.171252  0.971223
-0.302607  0.859324
-0.329758  0.915679
-0.409074  0.866848
-0.382067  0.896462
-0.386441  0.918534
-0.500000  0.866025
#data 2
0.955950  -0.916289
0.898513  -0.847303
0.920501  -0.674770
1.003144  -0.591810
1.005959  -0.340719
1.032193  -0.200559
1.038534  -0.112909
0.924466  0.112163
1.017540  0.252177
0.971219  0.442825
0.916392  0.584502
0.891814  0.743124
0.956327  0.851421
0.811433  1.031181
0.743924  1.222797
0.764841  1.400738
0.797835  1.375539
0.637001  1.662704
0.585223  1.719860

